0.0	-0.08794521046362538	0.02818511459637865
0.01	-0.09498428769769802	0.03305304446340466
0.02	-0.10243847561513633	0.03780766073456542
0.03	-0.11030979508621525	0.04242802705826745
0.04	-0.11859897924513661	0.04689257861864661
0.05	-0.12730538612211237	0.051179202138864746
0.06	-0.13642691866941362	0.05526532850850127
0.07	-0.14595995411917603	0.05912803779995948
0.08	-0.15589928455403845	0.06274417616309214
0.09	-0.16623807044212488	0.06609048381075557
0.1	-0.17696780868349238	0.06914373304513878
0.11	-0.1880783164390228	0.07188087504071011
0.12	-0.19955773167355076	0.07427919390913773
0.13	-0.2113925309574365	0.07631646643702557
0.14	-0.22356756465502273	0.07797112581720683
0.15	-0.23606610920913296	0.07922242769138363
0.16	-0.24886993583535988	0.08005061688172144
0.17	-0.2619593945959517	0.08043709329933874
0.18	-0.2753135125555132	0.08036457565839106
0.19	-0.28891010454854554	0.07981726176885967
0.2	-0.3027258950223095	0.07878098429798719
0.21	-0.316736649456808	0.07724336094717127
0.22	-0.3309173139936226	0.07519393795859777
0.23	-0.34524216210141667	0.07262432572195016
0.24	-0.3596849473318834	0.06952832498592752
0.25	-0.3742190614319685	0.06590204179704917
0.26	-0.38881769722933096	0.06174398881177312
0.27	-0.40345401575338813	0.0570551700974146
0.28	-0.4181013169568	0.051839146008534266
0.29	-0.43273321313779	0.04610207426574994
0.3	-0.4473238037253934	0.039852723046097764
0.31	-0.4618478494906555	0.03310245178887465
0.32	-0.4762809435206916	0.0258651555890034
0.33	-0.49059967549244227	0.01815716953436767
0.34	-0.5047817849778807	0.009997130163464214
0.35000000000000003	-0.5188062987821629	0.0014057923666685999
0.36	-0.5326536467450395	-0.007594198508512929
0.37	-0.5463057501055909	-0.01697857792370935
0.38	-0.5597460765134997	-0.02672177355569831
0.39	-0.5729596561235875	-0.03679725175705217
0.4	-0.5859330539707408	-0.04717789218824876
0.41000000000000003	-0.5986542950023124	-0.05783638209216289
0.42	-0.6111127397319056	-0.06874562027298643
0.43	-0.6232989104340012	-0.07987911973799527
0.44	-0.635204270060954	-0.09121139721212008
0.45	-0.6468209585482505	-0.1027183373755531
0.46	-0.6581414937767391	-0.11437751972548996
0.47000000000000003	-0.6691584470604515	-0.12616849644087452
0.48	-0.679864105488591	-0.13807301055030285
0.49	-0.690250135618941	-0.15007514508847775
0.5	-0.7003072647340208	-0.1621613957992749
0.51	-0.7100249969589212	-0.1743206623237491
0.52	-0.7193913818276597	-0.18654415570382865
0.53	-0.7283928522099441	-0.1988252234087169
0.54	-0.7370141467369775	-0.21115909687052123
0.55	-0.7452383289088428	-0.22354257054786772
0.56	-0.7530469109210789	-0.2359736255905976
0.5700000000000001	-0.7604200850148045	-0.2484510149468071
0.58	-0.7673370590625909	-0.26097382986930123
0.59	-0.7737764865193055	-0.27354106985639637
0.6	-0.7797169742892787	-0.2861512387516831
0.61	-0.7851376460761648	-0.298801988777374
0.62	-0.7900187340074364	-0.3114898315936439
0.63	-0.794342168326939	-0.3242099311709693
0.64	-0.7980921341502225	-0.33695598765672946
0.65	-0.8012555658813991	-0.34972021502196127
0.66	-0.8038225538284105	-0.3624934087241734
0.67	-0.8057866434774875	-0.375265093585998
0.68	-0.8071450152092807	-0.38802373716839467
0.6900000000000001	-0.807898540213505	-0.4007570105557998
0.7000000000000001	-0.8080517161925093	-0.4134520768973855
0.71	-0.807612493408446	-0.4260958882565631
0.72	-0.806592007155532	-0.4386754730906227
0.73	-0.8050042364811599	-0.4511781996377449
0.74	-0.8028656108301422	-0.46359200417072144
0.75	-0.800194586356632	-0.47590557701948627
0.76	-0.7970112122181001	-0.4881085030578291
0.77	-0.7933367046174732	-0.5001913566808087
0.78	-0.7891930431112857	-0.5121457539714789
0.79	-0.7846026001506586	-0.523964366684293
0.8	-0.7795878113043795	-0.5356409038683763
0.81	-0.7741708903827873	-0.5471700674957426
0.8200000000000001	-0.7683735909028874	-0.558547488467505
0.8300000000000001	-0.7622170130932342	-0.5697696489813623
0.84	-0.7557214539490205	-0.5808337965894993
0.85	-0.7489062966818657	-0.5917378544751762
0.86	-0.7417899352019974	-0.6024803316240602
0.87	-0.7343897289436185	-0.6130602357336838
0.88	-0.7267219833138647	-0.6234769909391792
0.89	-0.7188019512324538	-0.6337303617637496
0.9	-0.7106438515628267	-0.6438203841406285
0.91	-0.7022609006577932	-0.653747303900569
0.92	-0.6936653537072983	-0.6635115227685543
0.93	-0.6848685530483288	-0.6731135516541974
0.9400000000000001	-0.675880981052846	-0.6825539708388892
0.9500000000000001	-0.666712315633001	-0.69183339654531
0.96	-0.6573714867845559	-0.7009524533083278
0.97	-0.64786673292515	-0.7099117515387365
0.98	-0.6382056560732434	-0.7187118696725516
0.99	-0.6283952751580801	-0.7273533403202461
1.0	-0.6184420769541821	-0.7358366398655335
1.01	-0.6083520642999599	-0.7441621810067828
1.02	-0.5981308013935042	-0.7523303077818162
1.03	-0.5877834560640628	-0.7603412926657507
1.04	-0.5773148389994034	-0.7681953353795659
1.05	-0.5667294399711501	-0.7758925630928224
1.06	-0.5560314611457935	-0.7834330317465097
1.07	-0.545224847601461	-0.7908167282608988
1.08	-0.5343133151923493	-0.7980435734282975
1.09	-0.5233003759161771	-0.8051134253217569
1.1	-0.5121893609469734	-0.8120260830782229
1.11	-0.5009834414975197	-0.8187812909385452
1.12	-0.4896856476740288	-0.8253787424474972
1.1300000000000001	-0.4782988854812201	-0.8318180847347558
1.1400000000000001	-0.4668259521295919	-0.8380989228130025
1.1500000000000001	-0.45526954978907375	-0.8442208238422073
1.16	-0.4436322979248242	-0.8501833213200385
1.17	-0.4319167443421244	-0.8559859191674688
1.18	-0.42012537505837183	-0.8616280956862387
1.19	-0.4082606231113297	-0.8671093073711589
1.2	-0.39632487640417735	-0.872428992565385
1.21	-0.38432048467964625	-0.8775865749510591
1.22	-0.37224976570769164	-0.8825814668711187
1.23	-0.3601150107637665	-0.8874130724808462
1.24	-0.3479184894678816	-0.8920807907298975
1.25	-0.3356624540482275	-0.8965840181772831
1.26	-0.3233491430872199	-0.9009221516430689
1.27	-0.3109807848023878	-0.9050945907015816
1.28	-0.29855959990952036	-0.9091007400216071
1.29	-0.2860878041109289	-0.9129400115595934
1.3	-0.2735676102475048	-0.916611826612186
1.31	-0.26100123014946924	-0.9201156177346173
1.32	-0.24839087621725675	-0.9234508305315332
1.33	-0.23573876276085645	-0.9266169253268288
1.34	-0.22304710712309858	-0.9296133787189609
1.35	-0.21031813060981952	-0.9324396850280737
1.36	-0.19755405924751854	-0.9350953576410668
1.37	-0.18475712438703693	-0.9375799302605385
1.3800000000000001	-0.17192956316990277	-0.9398929580632797
1.3900000000000001	-0.15907361887228838	-0.942034018773756
1.4000000000000001	-0.14619154113999694	-0.9440027136577411
1.41	-0.13328558612651772	-0.9457986684410189
1.42	-0.12035801654495237	-0.9474215341577881
1.43	-0.10741110164349599	-0.9488709879331655
1.44	-0.09444711711315885	-0.9501467337039149
1.45	-0.08146834493551053	-0.9512485028812846
1.46	-0.06847707317742076	-0.9521760549596157
1.47	-0.05547559573904302	-0.9529291780741258
1.48	-0.04246621206063441	-0.9535076895110873
1.49	-0.029451226793218883	-0.9539114361733882
1.5	-0.016432949437574496	-0.9541402950042768
1.51	-0.0034136939555530184	-0.9541941733719099
1.52	0.00960422164268419	-0.9540730094171332
1.53	0.022618475732309098	-0.9537767723667774
1.54	0.03562674352548507	-0.9533054628145788
1.55	0.04862669753848453	-0.9526591129716988
1.56	0.06161600807198108	-0.9518377868886753
1.57	0.07459234370247839	-0.9508415806505142
1.58	0.0875533717830596	-0.9496706225465001
1.59	0.10049675895183618	-0.9483250732162096
1.6	0.11342017164665197	-0.9468051257730841
1.61	0.12632127662475673	-0.9451110059068475
1.62	0.13919774148630523	-0.9432429719659364
1.6300000000000001	0.15204723520066415	-0.9412013150210501
1.6400000000000001	0.16486742863462048	-0.9389863589108289
1.6500000000000001	0.1776559950816894	-0.936598460270615
1.6600000000000001	0.1904106107918079	-0.9340380085451635
1.67	0.20312895550077964	-0.9313054259861245
1.68	0.2158087129589124	-0.9284011676350492
1.69	0.22844757145834937	-0.9253257212926184
1.7	0.24104322435865677	-0.922079607474751
1.71	0.2535933706102757	-0.9186633793561905
1.72	0.26609571527549886	-0.9150776227021344
1.73	0.2785479700466635	-0.9113229557884273
1.74	0.290947853761299	-0.9074000293107991
1.75	0.30329309291398887	-0.9033095262836058
1.76	0.31558142216473883	-0.8990521619284819
1.77	0.32781058484367237	-0.8946286835533024
1.78	0.3399783334518873	-0.8900398704218114
1.79	0.35208243015833474	-0.885286533614257
1.8	0.3641206472925952	-0.8803695158793465
1.81	0.3760907678334412	-0.8752896914778163
1.82	0.3879905858930898	-0.8700479660178877
1.83	0.39981790719706106	-0.8646452762828674
1.84	0.41157054955956585	-0.8590825900511287
1.85	0.42324634335435624	-0.8533609059087013
1.86	0.4348431319809832	-0.8474812530546724
1.87	0.446358772326403	-0.8414446910996048
1.8800000000000001	0.457791135221892	-0.8352523098571494
1.8900000000000001	0.46913810589522414	-0.8289052291290304
1.9000000000000001	0.4803975844180742	-0.8224045984835633
1.9100000000000001	0.4915674861486137	-0.815751597027865
1.92	0.5026457421692666	-0.808947433173898
1.93	0.5136302997195975	-0.8019933443984879
1.94	0.5245191226243033	-0.7948905969974499
1.95	0.5353101917162867	-0.7876404858339421
1.96	0.5460015052547835	-0.7802443340811693
1.97	0.5565910793385248	-0.7727034929595505
1.98	0.5670769483139085	-0.7650193414684576
1.99	0.5774571651781625	-0.7571932861126304
2.0	0.5877298019774745	-0.7492267606233665
2.0100000000000002	0.597892950200072	-0.7411212256745855
2.02	0.6079447211642273	-0.7328781685938581
2.0300000000000002	0.617883246401171	-0.7244991030684913
2.04	0.6277066780328913	-0.7159855688467568
2.05	0.637413189144798	-0.7073391314343489
2.06	0.6470009741532305	-0.698561381786153
2.07	0.6564682491677911	-0.6896539359934061
2.08	0.6658132523484763	-0.6806184349663296
2.09	0.6750342442575903	-0.6714565441123125
2.1	0.6841295082064169	-0.6621699530097156
2.11	0.6930973505966236	-0.6527603750773822
2.12	0.7019361012563801	-0.6432295472399199
2.13	0.7106441137711663	-0.6335792295888298
2.14	0.7192197658092456	-0.6238112050395597
2.15	0.7276614594417807	-0.6139272789845456
2.16	0.7359676214575686	-0.6039292789423187
2.17	0.7441367036723692	-0.5938190542027458
2.18	0.7521671832328045	-0.5835984754684763
2.19	0.7600575629148034	-0.5732694344926604
2.2	0.7678063714165672	-0.5628338437130166
2.21	0.7754121636460309	-0.552293635882311
2.22	0.782873521002798	-0.5416507636953226
2.23	0.7901890516545178	-0.530907199412363
2.24	0.7973573908076881	-0.5200649344794208
2.25	0.8043772009728525	-0.5091259791449995
2.2600000000000002	0.8112471722241689	-0.49809236207372126
2.27	0.817966022453327	-0.48696612995676536
2.2800000000000002	0.8245324976177854	-0.4757493471192098
2.29	0.8309453719833103	-0.4644440951243529
2.3000000000000003	0.8372034483607828	-0.4530524723750783
2.31	0.8433055583372591	-0.44157659371234054
2.32	0.8492505625012557	-0.4300185900108394
2.33	0.855037350662236	-0.41838060777195674
2.34	0.8606648420642751	-0.40666480871402655
2.35	0.8661319855938825	-0.3948733693600121
2.36	0.8714377599819558	-0.38300848062266213
2.37	0.8765811739998478	-0.3710723473872203
2.38	0.8815612666495221	-0.3590671880917602
2.39	0.8863771073477777	-0.3469952343052202
2.4	0.8910277961045214	-0.33485873030321517
2.41	0.8955124636950679	-0.32265993264169496
2.42	0.8998302718264489	-0.31040110972852814
2.43	0.9039804132977105	-0.29808454139308654
2.44	0.907962112154181	-0.2857125184539046
2.45	0.9117746238356921	-0.27328734228449086
2.46	0.9154172353187386	-0.2608113243773677
2.47	0.918889265252552	-0.24828678590641676
2.48	0.9221900640890835	-0.23571605728760675
2.49	0.9253190142068729	-0.22310147773818156
2.5	0.9282755300287908	-0.21044539483438576
2.5100000000000002	0.9310590581336444	-0.19775016406780718
2.52	0.9336690773616305	-0.18501814840041378
2.5300000000000002	0.9361050989136223	-0.1722517178183639
2.54	0.9383666664442845	-0.15945324888466936
2.5500000000000003	0.9404533561489998	-0.1466251242907902
2.56	0.9423647768446047	-0.1337697324072417
2.57	0.9441005700439158	-0.12088946683329205
2.58	0.9456604100240494	-0.1079867259458318
2.59	0.9470440038885211	-0.09506391244749572
2.6	0.9482510916231214	-0.08212343291411621
2.61	0.9492814461455608	-0.06916769734159027
2.62	0.9501348733488831	-0.05619911869224045
2.63	0.9508112121386394	-0.0432201124407508
2.64	0.9513103344638257	-0.030233096119759308
2.65	0.9516321453415785	-0.017240488865187586
2.66	0.9517765828756277	-0.00424471096139029
2.67	0.9517436182685133	0.008751816613795682
2.68	0.9515332558275585	0.021746672644018483
2.69	0.9511455329646108	0.034737436129316034
2.7	0.9505805201895465	0.04772168674087288
2.71	0.9498383210975505	0.06069700527555118
2.72	0.9489190723501694	0.0736609741101111
2.73	0.9478229436501524	0.08661117765503981
2.74	0.9465501377100811	0.09954520280790756
2.75	0.9451008902147993	0.11246063940616778
2.7600000000000002	0.9434754697776528	0.12535508067932108
2.77	0.9416741778905504	0.13822612370036005
2.7800000000000002	0.9396973488678546	0.15107136983641326
2.79	0.9375453497841182	0.1638884251985078
2.8000000000000003	0.935218580405679	0.17667490109036788
2.81	0.9327174731161275	0.18942841445616865
2.82	0.9300424928356634	0.20214658832716337
2.83	0.927194136934358	0.21482705226710458
2.84	0.9241729351393391	0.22746744281637526
2.85	0.9209794494359221	0.24006540393475226
2.86	0.9176142739626982	0.2526185874427196
2.87	0.9140780349006127	0.2651246534612526
2.88	0.9103713903560422	0.2775812708499917
2.89	0.9064950302379078	0.2899861176437259
2.9	0.9024496761288363	0.30233688148710797
2.91	0.8982360811504023	0.31463126006752024
2.92	0.8938550298224739	0.3268669615460125
2.93	0.8893073379166907	0.33904170498623465
2.94	0.8845938523041044	0.35115322078128336
2.95	0.8797154507970039	0.36319925107838685
2.96	0.8746730419849679	0.3751775502013483
2.97	0.8694675650651611	0.3870858850706727
2.98	0.8640999896669221	0.3989220356212983
2.99	0.8585713156706636	0.41068379521785686
3.0	0.8528825730211281	0.42236897106738774
3.0100000000000002	0.8470348215350283	0.4339753846294272
3.02	0.8410291507031158	0.44550087202340233
3.0300000000000002	0.8348666794867068	0.45694328443324983
3.04	0.8285485561087125	0.46830048850918926
3.0500000000000003	0.8220759578392063	0.47957036676657466
3.06	0.8154500907755736	0.4907508179817535
3.0700000000000003	0.8086721896172819	0.5018397575848572
3.08	0.8017435174353156	0.512835118049455
3.09	0.7946653654363196	0.5237348492789948
3.1	0.7874390527214945	0.5345369189899652
3.11	0.7800659260402875	0.545239313091703
3.12	0.7725473595389317	0.5558400360627819
3.13	0.7648847545038713	0.5663371113239059
3.14	0.7570795391001299	0.5767285816072479
3.15	0.7491331681046657	0.5870125093221573
3.16	0.7410471226347638	0.597186976917173
3.17	0.7328229098715209	0.6072500872382753
3.18	0.7244620627784683	0.6171999638833101
3.19	0.7159661398153899	0.6270347515525193
3.2	0.7073367246473881	0.6367526163951138
3.21	0.6985754258492491	0.6463517463518266
3.22	0.6896838766051698	0.655830351493377
3.23	0.6806637344038919	0.6651866643547927
3.24	0.6715166807293139	0.6744189402655187
3.25	0.662244420746623	0.6835254576752602
3.2600000000000002	0.6528486829840205	0.6925045184754913
3.27	0.6433312190100914	0.7013544483165788
3.2800000000000002	0.633693803106877	0.7100735969204552
3.29	0.6239382319387222	0.7186603383887876
3.3000000000000003	0.614066324216946	0.7271130715065832
3.31	0.6040799203604069	0.7354302200411773
3.3200000000000003	0.5939808821520244	0.7436102330365459
3.33	0.5837710923913173	0.7516515851028929
3.34	0.573452454543031	0.7595527767014523
3.35	0.5630268923819093	0.7673123344244582
3.36	0.5524963496336871	0.7749288112702288
3.37	0.5418627896123647	0.7824007869133127
3.38	0.5311281948538317	0.7897268679696481
3.39	0.5202945667459135	0.7969056882566863
3.4	0.5093639251549024	0.803935909048433
3.41	0.49833830804865076	0.810816219325356
3.42	0.487219771116288	0.8175453360191156
3.43	0.47601038738464097	0.8241220042520747
3.44	0.46471224683142237	0.83054499757154
3.45	0.45332745599526325	0.8368131181786924
3.46	0.4418581375826606	0.8429251971521667
3.47	0.4303064300719145	0.8488800946662369
3.48	0.41867448731412743	0.8546767002035642
3.49	0.4069644781313409	0.8603139327624757
3.5	0.3951785859118843	0.8657907410587277
3.5100000000000002	0.38331900820301096	0.8711061037217207
3.52	0.37138795630089816	0.8762590294851291
3.5300000000000002	0.3593876548380863	0.8812485573719088
3.54	0.3473203413684357	0.8860737568736496
3.5500000000000003	0.3351882659496772	0.8907337281242409
3.56	0.3229936907236338	0.8952276020678135
3.5700000000000003	0.3107388894941947	0.899554540620933
3.58	0.2984261473031164	0.903713736829009
3.59	0.2860577600037317	0.9077044150168952
3.6	0.2736360338326473	0.9115258309336499
3.61	0.2611632849795087	0.9151772718914322
3.62	0.24864183915491106	0.9186580568985057
3.63	0.23607403115653894	0.921967536786328
3.64	0.22346220443361534	0.9251050943307004
3.65	0.21080871064973952	0.9280701443669553
3.66	0.19811590924419836	0.9308621338991622
3.67	0.18538616699182847	0.9334805422033293
3.68	0.17262185756151563	0.9359248809245841
3.69	0.1598253610734109	0.9381946941683128
3.7	0.1469990636549461	0.9402895585852422
3.71	0.13414535699573474	0.9422090834504522
3.72	0.12126663790143553	0.9439529107362964
3.73	0.10836530784666741	0.9455207151792249
3.74	0.09544377252705522	0.9469122043404945
3.75	0.08250444141049217	0.9481271186607518
3.7600000000000002	0.06954972728770138	0.9491652315084841
3.77	0.056582045822180405	0.9500263492223276
3.7800000000000002	0.043603815099613245	0.9507103111472223
3.79	0.03061745517683291	0.9512169896644114
3.8000000000000003	0.01762538763041959	0.9515462902152763
3.81	0.004630035105017531	0.9516981513190048
3.8200000000000003	-0.008366179138543853	0.9516725445840886
3.83	-0.021360831675242033	0.9514694747136474
3.84	-0.03435149936788123	0.9510889795045803
3.85	-0.04733575981905636	0.9505311298405431
3.86	-0.06031119182297578	0.9497960296787546
3.87	-0.07327537581706044	0.9488838160306328
3.88	-0.08622589433323434	0.9477946589362638
3.89	-0.09916033244882065	0.9465287614327146
3.9	-0.1120762782369627	0.9450863595161849
3.91	-0.12497132321648306	0.9434677220980161
3.92	-0.1378430628010985	0.941673150954558
3.93	-0.15068909674790587	0.9397029806709063
3.94	-0.1635070296050566	0.9375575785785206
3.95	-0.1762944711585352	0.935237344686735
3.96	-0.1890490368779595	0.9327427116081728
3.97	-0.20176834836131882	0.9300741444780805
3.98	-0.21445003377856708	0.9272321408675972
3.99	-0.2270917283139895	0.9242172306909705
4.0	-0.23969107460725816	0.9210299761067463
4.01	-0.2522457231930963	0.9176709714129384
4.0200000000000005	-0.2647533329394686	0.9141408429362079
4.03	-0.27721157148421594	0.9104402489150675
4.04	-0.2896181156700512	0.906569879377134
4.05	-0.3019706519778403	0.9025304560104526
4.0600000000000005	-0.3142668769580814	0.8983227320289168
4.07	-0.3265044976605057	0.8939474920318065
4.08	-0.33868123206171974	0.8894055518574773
4.09	-0.35079480949080644	0.884697758431217
4.1	-0.3628429710528099	0.8798249896073111
4.11	-0.37482347005002176	0.8747881540053357
4.12	-0.3867340724009912	0.8695881908407159
4.13	-0.39857255705718186	0.8642260697495742
4.14	-0.41033671641719605	0.858702790607911
4.15	-0.4220243567384911	0.8530193833451408
4.16	-0.433633298546509	0.8471769077520257
4.17	-0.44516137704114495	0.8411764532830408
4.18	-0.4566064425004781	0.8350191388532056
4.19	-0.4679663606816881	0.8287061126294226
4.2	-0.47923901321908613	0.8222385518163615
4.21	-0.4904222980191819	0.8156176624369256
4.22	-0.5015141296527167	0.8088446791073465
4.23	-0.5125124397435871	0.8019208648069454
4.24	-0.5234151773545875	0.7948475106426047
4.25	-0.5342203093698994	0.7876259356079962
4.26	-0.5449258208742577	0.7802574863376049
4.2700000000000005	-0.5555297155287202	0.772743536855603
4.28	-0.5660300159429739	0.7650854883196123
4.29	-0.5764247640441041	0.757284768759409
4.3	-0.5867120214417643	0.7493428328106158
4.3100000000000005	-0.5968898697896708	0.7412611614434338
4.32	-0.6069564111433609	0.7330412616864619
4.33	-0.6169097683141458	0.724684666345659
4.34	-0.6267480852191912	0.7161929337184963
4.3500000000000005	-0.6364695272276617	0.7075676473033591
4.36	-0.6460722815028641	0.698810415504246
4.37	-0.6555545573403263	0.6899228713308269
4.38	-0.664914586501747	0.6809066720939091
4.39	-0.6741506235447563	0.671763499096375
4.4	-0.6832609461484251	0.6624950573196436
4.41	-0.6922438554344602	0.6531030751057177
4.42	-0.7010976762840291	0.6435893038348737
4.43	-0.7098207576501523	0.6339555175990558
4.44	-0.7184114728656075	0.6242035128710367
4.45	-0.7268682199462843	0.6143351081694014
4.46	-0.7351894218899386	0.6043521437194231
4.47	-0.7433735269702872	0.594256481109888
4.48	-0.7514190090263843	0.5840500029459414
4.49	-0.7593243677472352	0.5737346124980091
4.5	-0.7670881289515884	0.5633122333468691
4.51	-0.7747088448628513	0.5527848090249344
4.5200000000000005	-0.7821850943790833	0.542154302653815
4.53	-0.789515483338016	0.5314226965782284
4.54	-0.7966986447770458	0.5205919919963242
4.55	-0.8037332391881569	0.5096642085864944
4.5600000000000005	-0.8106179547677215	0.49864138413073444
4.57	-0.8173515076611362	0.4875255741346341
4.58	-0.8239326422022434	0.47631885144405645
4.59	-0.8303601311474971	0.46502330585858975
4.6000000000000005	-0.8366327759048287	0.4536410437418333
4.61	-0.8427494067571669	0.442174187628597
4.62	-0.8487088830805769	0.4306248758290851
4.63	-0.8545100935569692	0.41899526203013715
4.64	-0.8601519563813462	0.4072875148936027
4.65	-0.8656334194635452	0.3955038176519243
4.66	-0.8709534606244381	0.38364636770100113
4.67	-0.8761110877865527	0.371717376190414
4.68	-0.8811053391590834	0.35971906761108413
4.69	-0.8859352834172505	0.347653679380445
4.7	-0.8906000198759791	0.33552346142520384
4.71	-0.8950986786578655	0.3233306757617696
4.72	-0.8994304208553958	0.3110775960744273
4.73	-0.903594438687391	0.29876650729133736
4.74	-0.9075899556496456	0.28639970515843666
4.75	-0.9114162266597365	0.27397949581132364
4.76	-0.9150725381959683	0.261508195345206
4.7700000000000005	-0.9185582084304369	0.24898812938299014
4.78	-0.921872587356178	0.23642163264159666
4.79	-0.925015056908387	0.22381104849657596
4.8	-0.9279850310796771	0.21115872854511394
4.8100000000000005	-0.9307819560293629	0.19846703216750072
4.82	-0.933405310186743	0.1857383260871509
4.83	-0.9358546043483648	0.17297498392925342
4.84	-0.9381293817692568	0.16017938577813418
4.8500000000000005	-0.9402292182481023	0.147353917733415
4.86	-0.9421537222063483	0.13450097146505013
4.87	-0.9439025347612309	0.12162294376732592
4.88	-0.945475329792699	0.10872223611190238
4.89	-0.9468718140042356	0.09580125419998453
4.9	-0.9480917269775505	0.08286240751370536
4.91	-0.9491348412211474	0.06990810886680249
4.92	-0.9500009622127475	0.05694077395467361
4.93	-0.9506899284355659	0.04396282090389696
4.94	-0.9512016114084336	0.030976669821295506
4.95	-0.9515359157097594	0.017984742342633808
4.96	-0.9516927789953229	0.004989461181030336
4.97	-0.9516721720099058	-0.008006750324833082
4.98	-0.9514740985927457	-0.021001468662616738
4.99	-0.9510985956768234	-0.033992270598260994
5.0	-0.9505457332819779	-0.04697673362787286
5.01	-0.9498156145018483	-0.05995243642947523
5.0200000000000005	-0.9489083754846512	-0.07291695931453741
5.03	-0.947824185407794	-0.08586788467919898
5.04	-0.9465632464463267	-0.0988027974551057
5.05	-0.9451257937352424	-0.11171928555977316
5.0600000000000005	-0.9435120953256295	-0.1246149403463919
5.07	-0.941722452134688	-0.13748735705299364
5.08	-0.9397571978896142	-0.1503341352508918
5.09	-0.9376166990653696	-0.16315287929231323
5.1000000000000005	-0.9353013548163409	-0.1759411987571404
5.11	-0.9328115969019071	-0.18869670889867693
5.12	-0.9301478896059252	-0.20141703108835568
5.13	-0.927310729650153	-0.21409979325930598
5.14	-0.9243006461016212	-0.2267426303486959
5.15	-0.921118200273972	-0.23934318473877153
5.16	-0.9177639856227883	-0.2518991066965027
5.17	-0.9142386276349278	-0.2644080548117644
5.18	-0.9105427837118804	-0.2768676964339607
5.19	-0.9066771430471784	-0.28927570810701847
5.2	-0.9026424264978774	-0.3016297760026648
5.21	-0.8984393864501314	-0.31392759635191003
5.22	-0.8940688066788873	-0.326166875874654
5.23	-0.8895315022017297	-0.3383453322073366
5.24	-0.8848283191268959	-0.35046069432855337
5.25	-0.8799601344954957	-0.3625107029825536
5.26	-0.8749278561179603	-0.3744931111005476
5.2700000000000005	-0.869732422404757	-0.3864056842197385
5.28	-0.8643748021913926	-0.39824620090000473
5.29	-0.8588559945577485	-0.4100124531381537
5.3	-0.8531770286417724	-0.42170224677966917
5.3100000000000005	-0.8473389634475649	-0.43331340192787693
5.32	-0.8413428876478988	-0.44484375335045084
5.33	-0.8351899193812042	-0.4562911508831851
5.34	-0.8288812060430577	-0.46765345983095624
5.3500000000000005	-0.8224179240722193	-0.478928561365799
5.36	-0.8158012787312506	-0.49011435292202554
5.37	-0.8090325038817577	-0.5012087485883111
5.38	-0.8021128617543023	-0.5122096794966737
5.39	-0.795043642713023	-0.5231150942082752
5.4	-0.7878261650150086	-0.5339229590959729
5.41	-0.7804617745644709	-0.5446312587235493
5.42	-0.7729518446617616	-0.5552379962215506
5.43	-0.7652977757472814	-0.5657411936596602
5.44	-0.7575009951403263	-0.5761388924155433
5.45	-0.7495629567729226	-0.586429153540089
5.46	-0.7414851409186998	-0.596610058118985
5.47	-0.733269053916849	-0.6066797076305556
5.48	-0.7249162278912246	-0.6166362242997963
5.49	-0.7164282204646333	-0.6264777514485405
5.5	-0.7078066144683702	-0.6362024538416922
5.51	-0.6990530176470556	-0.6458085180294587
5.5200000000000005	-0.6901690623588226	-0.6552941526855217
5.53	-0.6811564052709177	-0.664657588941083
5.54	-0.6720167270507659	-0.6738970807147218
5.55	-0.6627517320525628	-0.6830109050380024
5.5600000000000005	-0.653363147999448	-0.6919973623767732
5.57	-0.6438527256613195	-0.7008547769480937
5.58	-0.6342222385283545	-0.7095814970327328
5.59	-0.6244734824802881	-0.7181758952831818
5.6000000000000005	-0.6146082754515216	-0.7266363690271199
5.61	-0.6046284570921148	-0.7349613405662798
5.62	-0.5945358884247297	-0.7431492574706546
5.63	-0.584332451497589	-0.7511985928679958
5.64	-0.574020049033515	-0.7591078457285408
5.65	-0.5636006040751096	-0.7668755411449263
5.66	-0.5530760596261491	-0.7745002306072255
5.67	-0.5424483782892534	-0.7819804922730667
5.68	-0.5317195418999034	-0.7893149312327771
5.69	-0.5208915511568696	-0.7965021797695031
5.7	-0.5099664252491228	-0.8035408976142633
5.71	-0.4989462014793003	-0.8104297721958779
5.72	-0.48783293488378965	-0.8171675188857389
5.73	-0.4766286978495085	-0.8237528812373647
5.74	-0.4653355797274486	-0.8301846312207009
5.75	-0.4539556864430546	-0.8364615694511237
5.76	-0.4424911401035139	-0.8425825254130992
5.7700000000000005	-0.43094407860202893	-0.8485463576784604
5.78	-0.4193166552191449	-0.8543519541192591
5.79	-0.4076110382212075	-0.8599982321151556
5.8	-0.3958294104560278	-0.8654841387553044
5.8100000000000005	-0.38397396894582664	-0.8708086510346992
5.82	-0.37204692447753673	-0.8759707760449436
5.83	-0.36005050119053766	-0.880969551159406
5.84	-0.3479869361618999	-0.8858040442127312
5.8500000000000005	-0.33585847898921817	-0.8904733536746682
5.86	-0.32366739137110856	-0.8949766088181872
5.87	-0.3114159466854492	-0.8993129698818519
5.88	-0.2991064295654436	-0.9034816282264189
5.89	-0.2867411354735849	-0.9074818064856296
5.9	-0.2743223702735999	-0.9113127587111738
5.91	-0.2618524498004552	-0.9149737705117946
5.92	-0.24933369942850217	-0.9184641591865059
5.93	-0.23676845363784382	-0.9217832738519016
5.94	-0.22415905557900428	-0.9249304955635339
5.95	-0.21150785663597926	-0.9279052374313306
5.96	-0.19881721598775415	-0.9307069447290408
5.97	-0.1860895001683662	-0.9333350949976774
5.98	-0.17332708262559615	-0.9357891981429459
5.99	-0.16053234327837054	-0.9380687965266361
6.0	-0.14770766807295685	-0.9401734650519631
6.01	-0.13485544853803477	-0.942102811242838
6.0200000000000005	-0.12197808133872785	-0.9438564753170566
6.03	-0.10907796782967492	-0.945434130253392
6.04	-0.09615751360722856	-0.9468354818525768
6.05	-0.08321912806086292	-0.9480602687921644
6.0600000000000005	-0.07026522392387224	-0.9491082626752614
6.07	-0.057298216823448746	-0.9499792680731185
6.08	-0.04432052483021784	-0.950673122561574
6.09	-0.03133456800732037	-0.9511896967513416
6.1000000000000005	-0.018342767959120973	-0.9515288943121402
6.11	-0.005347547379631586	-0.9516906519906565
6.12	0.007648670399271425	-0.9516749396223422
6.13	0.02064346185974635	-0.9514817601370359
6.140000000000001	0.03363440374992072	-0.9511111495584205
6.15	0.04661907353577728	-0.9505631769973028
6.16	0.05959504985290424	-0.9498379446387283
6.17	0.0725599129580294	-0.9489355877229232
6.18	0.08551124518025013	-0.9478562745200776
6.19	0.09844663137187899	-0.9466002062989649
6.2	0.1113636593588162	-0.9451676172894108
6.21	0.12425992039036918	-0.9435587746386134
6.22	0.13713300958843497	-0.9417739783613268
6.23	0.14998052639595702	-0.9398135612839145
6.24	0.16280007502457988	-0.937677888982284
6.25	0.17558926490141163	-0.9353673597137155
6.26	0.1883457111148159	-0.9328824043425942
6.2700000000000005	0.20106703485914698	-0.9302234862600653
6.28	0.21375086387834674	-0.9273911012976189
6.29	0.22639483290832021	-0.9243857776346305
6.3	0.2389965841180063	-0.9212080756998644
6.3100000000000005	0.25155376754906456	-0.9178585880669682
6.32	0.264064041554092	-0.9143379393439676
6.33	0.2765250732332909	-0.9106467860567931
6.34	0.2889345388695036	-0.9067858165268499
6.3500000000000005	0.3012901243615393	-0.9027557507426615
6.36	0.3135895256557022	-0.8985573402256073
6.37	0.3258304491754499	-0.8941913678897789
6.38	0.33801061224909684	-0.8896586478959846
6.390000000000001	0.35012774353548376	-0.8849600254999246
6.4	0.36217958344753487	-0.8800963768945689
6.41	0.3741638845736224	-0.8750686090467674
6.42	0.38607841209666116	-0.8698776595281177
6.43	0.39792094421085555	-0.8645244963401292
6.44	0.40968927253601833	-0.8590101177337117
6.45	0.4213812025293866	-0.8533355520230219
6.46	0.4329945538948572	-0.8475018573937053
6.47	0.44452716098956685	-0.8415101217055668
6.48	0.4559768732277374	-0.8353614622897082
6.49	0.4673415554817149	-0.8290570257401694
6.5	0.47861908848012535	-0.8225979877001134
6.51	0.4898073692030739	-0.8159855526425934
6.5200000000000005	0.5009043112743136	-0.8092209536459447
6.53	0.51190784535031	-0.802305452163841
6.54	0.5228159195061298	-0.7952403377900612
6.55	0.5336264996180816	-0.788026928018007
6.5600000000000005	0.5443375697430366	-0.7806665679950181
6.57	0.5549471324943589	-0.7731606302715306
6.58	0.565453209414376	-0.7655105145451273
6.59	0.5758538413433187	-0.7577176473995219
6.6000000000000005	0.5861470887846638	-0.7497834820385321
6.61	0.5963310322668072	-0.7417094980150885
6.62	0.6064037727010072	-0.7334972009553284
6.63	0.6163634317355213	-0.7251481222778299
6.640000000000001	0.6262081521058813	-0.7166638189080331
6.65	0.6359360979812321	-0.708045872987909
6.66	0.6455454553066758	-0.6992958915809212
6.67	0.6550344321415547	-0.6904155063723443
6.68	0.6644012589936092	-0.681406373364989
6.69	0.6736441891489517	-0.6722701725703919
6.7	0.6827614989977908	-0.6630086076955308
6.71	0.6917514883558482	-0.6536234058251176
6.72	0.7006124807814063	-0.6441163170995352
6.73	0.70934282388793	-0.6344891143884737
6.74	0.7179408896522014	-0.6247435929603254
6.75	0.7264050747179113	-0.6148815701474093
6.76	0.7347338006946504	-0.6049048850070737
6.7700000000000005	0.7429255144522475	-0.5948153979787535
6.78	0.7509786884103927	-0.5846149905370365
6.79	0.7588918208235015	-0.5743055648408087
6.8	0.7666634360607557	-0.5638890433785431
6.8100000000000005	0.7742920848812789	-0.5533673686097942
6.82	0.7817763447043886	-0.5427425026029736
6.83	0.7891148198748776	-0.5320164266694632
6.84	0.7963061419232736	-0.5211911409941445
6.8500000000000005	0.80334896982103	-0.5102686642624061
6.86	0.810241990230599	-0.49925103328370124
6.87	0.8169839177503402	-0.4881403026117278
6.88	0.8235734951542233	-0.4769385441612958
6.890000000000001	0.8300094936262715	-0.46564784682196037
6.9	0.8362907129897107	-0.4542703160684884
6.91	0.8424159819307766	-0.4428080735682314
6.92	0.84838415821714	-0.43126325678548094
6.93	0.8541941289109087	-0.419638018582876
6.94	0.8598448105761674	-0.40793452681993997
6.95	0.8653351494810139	-0.3961549639488216
6.96	0.8706641217940592	-0.38430152660731354
6.97	0.8758307337753508	-0.37237642520922587
6.98	0.8808340219616814	-0.3603818835321917
6.99	0.8856730533462569	-0.34832013830297937
7.0	0.8903469255526817	-0.33619343878039093
7.01	0.8948547670032316	-0.3240040463358225
7.0200000000000005	0.8991957370813863	-0.3117542340315675
7.03	0.9033690262885845	-0.299446286196938
7.04	0.9073738563951805	-0.2870824980022867
7.05	0.9112094805855651	-0.2746651750310057
7.0600000000000005	0.914875183597432	-0.262196632849585
7.07	0.91837028185516	-0.24967919657580762
7.08	0.9216941235972835	-0.2371152004451661
7.09	0.9248460889980334	-0.2245069873755756
7.1000000000000005	0.9278255902829202	-0.21185690853047073
7.11	0.9306320718383433	-0.19916732288036262
7.12	0.9332650103151986	-0.1864405967629419
7.13	0.9357239147264749	-0.17367910344180687
7.140000000000001	0.9380083265388109	-0.16088522266390007
7.15	0.9401178197580009	-0.14806134021573608
7.16	0.9420520010084362	-0.13520984747850326
7.17	0.9438105096064592	-0.12233314098212261
7.18	0.9453930176276242	-0.10943362195834427
7.19	0.946799229967848	-0.09651369589297042
7.2	0.9480288843984414	-0.08357577207728298
7.21	0.9490817516150071	-0.07062226315876156
7.22	0.9499576352802027	-0.05765558469117707
7.23	0.9506563720603524	-0.0446781546841409
7.24	0.9511778316559039	-0.03169239315219852
7.25	0.9515219168257293	-0.018700721663547786
7.26	0.9516885634052559	-0.00570556288846852
7.2700000000000005	0.9516777403184327	0.007290659852454096
7.28	0.9514894495835258	0.020285523040227946
7.29	0.9511237263127411	0.033276603409387935
7.3	0.9505806387056778	0.04626147839988359
7.3100000000000005	0.9498602880366083	0.0592377266088353
7.32	0.9489628086355961	0.07220292824207433
7.33	0.9478883678634431	0.08515466556538304
7.34	0.9466371660804823	0.09809052335534979
7.3500000000000005	0.9452094366092141	0.11100808934975813
7.36	0.9436054456907963	0.12390495469742269
7.37	0.9418254924353961	0.1367787144073867
7.38	0.9398699087664135	0.14962696779740345
7.390000000000001	0.9377390593585819	0.162447318941612
7.4	0.9354333415699673	0.17523737711732557
7.41	0.9329531853678674	0.1879947572508519
7.42	0.9302990532486322	0.20071708036225747
7.43	0.9274714401514187	0.21340197400899696
7.44	0.9244708733658951	0.22604707272832406
7.45	0.921297912433912	0.23865001847839912
7.46	0.9179531490451608	0.25120846107801376
7.47	0.9144372069268351	0.2637200586448504
7.48	0.9107507417273196	0.2761824780321926
7.49	0.9068944408939251	0.28859339526400796
7.5	0.9028690235446946	0.3009504959683206
7.51	0.8986752403343028	0.31325147580879054
7.5200000000000005	0.894313873314075	0.3254940409144253
7.53	0.8897857357861518	0.33767590830733685
7.54	0.8850916721518243	0.34979480632846904
7.55	0.8802325577540726	0.36184847506121337
7.5600000000000005	0.8752092987143322	0.3738346667528358
7.57	0.8700228317635207	0.38575114623363405
7.58	0.8646741240673599	0.3975956913337498
7.59	0.8591641730460182	0.40936609329755635
7.6000000000000005	0.8534940061881127	0.4210601571955431
7.61	0.8476646808591055	0.4326757023336251
7.62	0.8416772841041266	0.444210562659795
7.63	0.835532932445264	0.455662587168046
7.640000000000001	0.8292327716733561	0.4670296402994879
7.65	0.8227779766343245	0.4783096023405851
7.66	0.8161697510100924	0.48950036981843636
7.67	0.809409327094122	0.500599855893029
7.68	0.8024979655616188	0.5116059907463891
7.69	0.7954369552344417	0.5225167219685596
7.7	0.7882276128407661	0.5333300149403296
7.71	0.7808712827695421	0.5440438532126491
7.72	0.7733693368197931	0.5546562388826533
7.73	0.7657231739448063	0.5651651929662291
7.74	0.7579342199912561	0.5755687557670526
7.75	0.750003927433316	0.585864987242032
7.76	0.7419337751018009	0.5960519673630836
7.7700000000000005	0.7337252679083975	0.6061277964751768
7.78	0.7253799365650315	0.6160905956505788
7.79	0.71689933729842	0.6259385070392347
7.8	0.7082850515598704	0.6356696942152174
7.8100000000000005	0.6995386857303725	0.6452823425191814
7.82	0.6906618708210427	0.6547746593967585
7.83	0.6816562621689746	0.6641448747328317
7.84	0.6725235391285556	0.6733912411816222
7.8500000000000005	0.6632654047583005	0.6825120344925342
7.86	0.6538835855032697	0.6915055538316898
7.87	0.6443798308731226	0.7003701220990981
7.88	0.6347559131158711	0.7091040862414005
7.890000000000001	0.625013626887394	0.7177058175601273
7.9	0.6151547889167716	0.7261737120154171
7.91	0.6051812376675035	0.7345061905251362
7.92	0.5950948329946757	0.7427016992593428
7.930000000000001	0.5848974557981358	0.7507587099300435
7.94	0.5745910076717461	0.7586757200761873
7.95	0.5641774105487772	0.7664512533438413
7.96	0.5536586063435064	0.7740838597615007
7.97	0.5430365565890942	0.7815721160104767
7.98	0.5323132420717995	0.7889146256903156
7.99	0.5214906624616038	0.796110019579197
8.0	0.5105708359393171	0.8031569558892659
8.01	0.49955579882022855	0.8100541205168466
8.02	0.4884476051743786	0.8168002272874946
8.03	0.47724832644351767	0.8233940181958421
8.040000000000001	0.465960051054826	0.8298342636401888
8.05	0.4545848840314672	0.8361197626517957
8.06	0.44312494660004575	0.8422493431188411
8.07	0.43158237579504377	0.8482218620049938
8.08	0.4199593240603092	0.8540362055625658
8.09	0.40825795884767074	0.8596912895402019
8.1	0.39648046221275485	0.86518605938507
8.11	0.38462903040807817	0.8705194904395127
8.120000000000001	0.37270587347349277	0.8756905881321235
8.13	0.3607132148240621	0.8806983881632142
8.14	0.34865329083544055	0.8855419566846353
8.15	0.3365283504268364	0.89022039047392
8.16	0.32434065464163736	0.8947328171027142
8.17	0.3120924762257738	0.899078395099468
8.18	0.29978609920389937	0.9032563141063504
8.19	0.28742381845346937	0.9072657950303649
8.2	0.2750079392767952	0.911106090188633
8.21	0.26254077697115485	0.9147764834478217
8.22	0.2500246563970375	0.9182762903576873
8.23	0.23746191154460858	0.9216048582787102
8.24	0.22485488509846907	0.9247615665037986
8.25	0.21220592800079519	0.9277458263740368
8.26	0.1995173990129373	0.9305570813884585
8.27	0.18679166427556132	0.9331948073078215
8.28	0.17403109686741366	0.9356585122523671
8.290000000000001	0.1612380763627934	0.9379477367935458
8.3	0.1484149883878105	0.9400620540396908
8.31	0.13556422417551925	0.9420010697156243
8.32	0.12268818012000285	0.9437644222361808
8.33	0.10978925732949812	0.9453517827736354
8.34	0.09686986117863826	0.946762855319024
8.35	0.08393240085990324	0.9479973767373411
8.36	0.07097928893435525	0.9490551168166106
8.370000000000001	0.05801294088174891	0.9499358783108129
8.38	0.04503577465009456	0.950639496976671
8.39	0.03205021020476298	0.9511658416042744
8.4	0.019058669077212882	0.9515148140415491
8.41	0.006063573913426787	0.9516863492125607
8.42	-0.006932651977859968	0.9516804151296494
8.43	-0.019927585077055828	0.9514970128993948
8.44	-0.03291880210564701	0.9511361767224099
8.45	-0.045903880478088264	0.9505979738869631
8.46	-0.05888039875356306	0.9498825047564307
8.47	-0.07184593708753055	0.9489899027505813
8.48	-0.08479807768297515	0.9479203343206954
8.49	-0.09773440524127491	0.9466739989185267
8.5	-0.11065250741260249	0.9452511289591071
8.51	-0.1235499752457776	0.9436519897774069
8.52	-0.13642440363748462	0.9418768795788571
8.53	-0.14927339178077384	0.9399261293837378
8.540000000000001	-0.16209454361276013	0.9378001029654511
8.55	-0.17488546826143858	0.9354991967826861
8.56	-0.1876437804915307	0.9330238399054857
8.57	-0.20036710114927972	0.9303744939352365
8.58	-0.2130530576061129	0.9275516529185878
8.59	-0.22569928420108584	0.924555843255324
8.6	-0.23830342268202775	0.9213876236002014
8.61	-0.25086312264530614	0.918047584758771
8.620000000000001	-0.2633760419741253	0.9145363495772063
8.63	-0.275839847275284	0.9108545728261559
8.64	-0.2882522143143008	0.9070029410786415
8.65	-0.30061082844883624	0.902982172582028
8.66	-0.3129133850603238	0.8987930171240848
8.67	-0.3251575899837318	0.8944362558931666
8.68	-0.33734115993537706	0.8899127013325387
8.69	-0.34946182293870814	0.8852231969888731
8.700000000000001	-0.3615173187479813	0.8803686173549455
8.71	-0.37350539926974774	0.8753498677065601
8.72	-0.38542382898207483	0.8701678839337368
8.73	-0.39727038535142484	0.8648236323661845
8.74	-0.40904285924710804	0.8593181095931048
8.75	-0.4207390553532405	0.8536523422773465
8.76	-0.43235679257812243	0.8478273869639568
8.77	-0.4438939044609662	0.8418443298831563
8.78	-0.45534823957589465	0.835704286747782
8.790000000000001	-0.4667176619331372	0.8294084025452287
8.8	-0.47800005137734464	0.8229578513239352
8.81	-0.4891933039829556	0.8163538359744476
8.82	-0.5002953324465308	0.8095975880051065
8.83	-0.5113040664759935	0.8026903673123975
8.84	-0.5222174531766934	0.7956334619460059
8.85	-0.5330334574342283	0.7884281878686241
8.86	-0.5437500622939494	0.7810758887105519
8.870000000000001	-0.5543652693370805	0.7735779355191384
8.88	-0.5648770990533807	0.7659357265031107
8.89	-0.5752835912102806	0.7581506867718373
8.9	-0.585582805218425	0.7502242680695761
8.91	-0.59577282049355	0.7421579485047549
8.92	-0.6058517368146318	0.733953232274336
8.93	-0.6158176746782382	0.7256116493833138
8.94	-0.6256687756490152	0.7171347553594034
8.950000000000001	-0.6354032027062452	0.7085241309629673
8.96	-0.6450191405864131	0.6997813818922366
8.97	-0.6545147961217147	0.6909081384838822
8.98	-0.6638883985744429	0.6819060554089934
8.99	-0.6731381999671937	0.6727768113645152
9.0	-0.6822624754088266	0.6635221087602077
9.01	-0.6912595234161198	0.654143673401183
9.02	-0.7001276662310615	0.6446432541660788
9.03	-0.7088652501337145	0.6350226226809307
9.040000000000001	-0.7174706457506013	0.6252835729888004
9.05	-0.7259422483585467	0.6154279212152262
9.06	-0.7342784781839247	0.6054575052295528
9.07	-0.7424777806972531	0.595374184302209
9.08	-0.7505386269030793	0.5851798387579924
9.09	-0.7584595136251066	0.5748763696254299
9.1	-0.7662389637865034	0.5644656982822748
9.11	-0.7738755266853475	0.5539497660972119
9.120000000000001	-0.7813677782651505	0.5433305340678339
9.13	-0.7887143213804145	0.5326099824549555
9.14	-0.7959137860571697	0.5217901104133386
9.15	-0.8029648297484457	0.5108729356188911
9.16	-0.8098661375846276	0.49986049389241427
9.17	-0.816616422618651	0.48875483881996495
9.18	-0.8232144260659917	0.47755804136990543
9.19	-0.8296589175393998	0.46627218950671256
9.200000000000001	-0.8359486952783431	0.4548993878016157
9.21	-0.8420825863731084	0.4434417570401401
9.22	-0.8480594469835249	0.43190143382662466
9.23	-0.8538781625522649	0.4202805701857917
9.24	-0.8595376480126875	0.40858133316143824
9.25	-0.8650368479911776	0.39680590441233116
9.26	-0.8703747370039523	0.3849564798053717
9.27	-0.8755503196482911	0.3730352690061147
9.28	-0.8805626307881588	0.36104449506671155
9.290000000000001	-0.8854107357341798	0.34898639401136045
9.3	-0.8900937304179415	0.3368632144193328
9.31	-0.8946107415605802	0.3246772170056631
9.32	-0.8989609268356326	0.31243067419957316
9.33	-0.9031434750261081	0.30012586972071104
9.34	-0.907157606175767	0.28776509815328843
9.35	-0.9110025717345629	0.27535066451818707
9.36	-0.9146776546982335	0.2628848838431231
9.370000000000001	-0.9181821697420047	0.25037008073094297
9.38	-0.9215154633483911	0.23780858892613455
9.39	-0.924676913929061	0.22520275087963293
9.4	-0.9276659319407516	0.21255491731200463
9.41	-0.9304819599952046	0.19986744677508644
9.42	-0.9331244729631076	0.18714270521216683
9.43	-0.9355929780720198	0.17438306551678773
9.44	-0.9378870149982644	0.16159090709024967
9.450000000000001	-0.940006155952767	0.14876861539790506
9.46	-0.9419500057608314	0.13591858152431943
9.47	-0.9437182019358299	0.12304320172738425
9.48	-0.9453104147467999	0.11014487699146674
9.49	-0.9467263472799314	0.09722601257967663
9.5	-0.9479657354939356	0.08428901758533647
9.51	-0.9490283482692826	0.07133630448273637
9.52	-0.9499139874513001	0.058370288677259845
9.53	-0.9506224878871257	0.045393388054960696
9.540000000000001	-0.9511537174565036	0.03240802253168025
9.55	-0.9515075770964222	0.019416613601782703
9.56	-0.9516840008195889	0.006421583886599868
9.57	-0.9516829557267331	-0.00657464331733702
9.58	-0.9515044420127418	-0.019569644490191475
9.59	-0.9511484929666246	-0.03256099634075504
9.6	-0.9506151749653049	-0.04554627625833979
9.61	-0.9499045874612412	-0.05852306276454486
9.620000000000001	-0.9490168629638837	-0.07148893596480992
9.63	-0.9479521670149613	-0.08444147799967355
9.64	-0.9467106981576138	-0.09737827349565291
9.65	-0.945292687899367	-0.11029691001566011
9.66	-0.9436984006689612	-0.12319497850886929
9.67	-0.9419281337670413	-0.13607007375995472
9.68	-0.9399822173107165	-0.14891979483761064
9.69	-0.937861014172	-0.16174174554227505
9.700000000000001	-0.9355649199101421	-0.17453353485296982
9.71	-0.9330943626978657	-0.18729277737317482
9.72	-0.9304498032415216	-0.2000170937756539
9.73	-0.9276317346951775	-0.2127041112461487
9.74	-0.9246406825686533	-0.22535146392585764
9.75	-0.9214772046295263	-0.23795679335261932
9.76	-0.9181418907991195	-0.25051774890071415
9.77	-0.9146353630424923	-0.26303198821920776
9.78	-0.9109582752524583	-0.2754971776687475
9.790000000000001	-0.9071113131276493	-0.28791099275673787
9.8	-0.9030951940446448	-0.30027111857080835
9.81	-0.8989106669241977	-0.31257525021049615
9.82	-0.8945585120915773	-0.3248210932170605
9.83	-0.8900395411310535	-0.33700636400134976
9.84	-0.8853545967345545	-0.34912879026964416
9.85	-0.8805045525445234	-0.36118611144738766
9.86	-0.8754903129910011	-0.3731760791007388
9.870000000000001	-0.8703128131229706	-0.38509645735585535
9.88	-0.8649730184339894	-0.3969450233158368
9.89	-0.8594719246821454	-0.40871956747524874
9.9	-0.8538105577043699	-0.42041789413214564
9.91	-0.8479899732251408	-0.4320378217975255
9.92	-0.8420112566596117	-0.4435771836021304
9.93	-0.8358755229112055	-0.4550338277005202
9.94	-0.8295839161637089	-0.4664056176723479
9.950000000000001	-0.8231376096679068	-0.4776904329207547
9.96	-0.8165378055227941	-0.48888616906781773
9.97	-0.8097857344514119	-0.4999907383469707
9.98	-0.802882655571343	-0.5110020699923284
9.99	-0.7958298561599138	-0.5219181106248402
